[Nest_MarkingOffset]
Nest_MarkingOffset0 = 0,0,0;0,0,0;0,0,0;0,0,0;0,0,0;0,0,0
Nest_MarkingOffset1 = 0,0,0;0,0,0;0,0,0;0,0,0;0,0,0;0,0,0
Nest_MarkingOffset2 = 0,0,0;0,0,0;0,0,0;0,0,0;0,0,0;0,0,0
Nest_MarkingOffset3 = 0,0,0;0,0,0;0,0.2,0;0.2,0,0;0,0,0;0,0,0
Nest_MarkingOffset4 = 0,0,0;0,0,0;0,0.2,0;0.2,0,0;0,0,0;0,0,0
Nest_MarkingOffset5 = 0,0,0;0,0,0;0,0.2,0;0.2,0,0;0,0,0;0,0,0
Nest_MarkingOffset6 = 0,0,0;0,0,0;0,0.2,0;0.2,0,0;0,0,0;0,0,0
Nest_MarkingOffset7 = 0,0,0;0,0,0;0,0.2,0;0.2,0,0;0,0,0;0.2,0,0
Nest_MarkingOffset8 = 0,0,0;0,0,0;0,0.2,0;0.2,0,0;0,0,0;0.2,0,0
Nest_MarkingOffset9 = 0,0,0;0,0,0;0,0.2,0;0.2,0,0;0,0,0;0.2,0,0
Nest_MarkingOffset10 = 0,0,0;0,0,0;0,0.2,0;0.2,0,0;0,0,0;0.2,0,0
Nest_MarkingOffset11 = 0,0,0;0,0,0;0,0.2,0;0.2,0,0;0,0,0;0.2,0,0
Nest_MarkingOffset12 = 0,0,0;0,0,0;0,0.2,0;0.2,0,0;0,0,0;0.2,0,0
Nest_MarkingOffset13 = 0,0,0;0,0,0;0,0.2,0;0.2,0,0;0,0,0;0.2,0,0
Nest_MarkingOffset14 = 0,0,0;0,0,0;0,0.2,0;0.2,0,0;0,0,0;0.2,0,0
Nest_MarkingOffset15 = 0,0,0;0,0,00;0,0.2,0;0.2,0,0;0,0,0;0.2,0,0
